best_params:
  colsample_bytree: 0.9157331305265549
  gamma: 0.11558134904908313
  learning_rate: 0.10029079391424421
  max_bin: 228.0
  max_depth: 45.0
  min_child_weight: 51.0
  mixup_alpha: 0.04598958994298239
  n_estimators: 385.0
  reg_alpha: 1.2698439619840122e-06
  reg_lambda: 2.44197179298831e-08
best_score: 0.4971062463540685
