best_params:
  calibration_method: sigmoid
  colsample_bytree: 0.5108367911454451
  gamma: 1.2673867800210414
  learning_rate: 0.13066341322939076
  max_bin: 164.0
  max_depth: 5.0
  min_child_weight: 18.0
  mixup_alpha: 0.1
  mixup_ratio: 0.2
  n_estimators: 84.0
  reg_alpha: 0.2763580304884297
  reg_lambda: 2.6758321672210155
best_score: 0.32797994420603266
