best_params:
  calibration_method: temperature
  colsample_bytree: 0.9963115111382519
  gamma: 0.011655401502024312
  learning_rate: 0.2511367755155965
  max_bin: 251.0
  max_depth: 19.0
  min_child_weight: 2.0
  mixup_alpha: 0.6
  mixup_ratio: 0.30000000000000004
  n_estimators: 186.0
  reg_alpha: 2.6271450275232193
  reg_lambda: 0.11457500170538186
best_score: 0.8122925459925496
