best_params:
  colsample_bytree: 0.7498282850767498
  gamma: 0.536704198035387
  learning_rate: 0.01297841702787308
  max_bin: 191.0
  max_depth: 12.0
  min_child_weight: 10.0
  mixup_alpha: 0.1
  mixup_ratio: 0.6000000000000001
  n_estimators: 143.0
  reg_alpha: 1.9733927369476356e-07
  reg_lambda: 0.00094106985004141
best_score: 0.48410737620081434
